9.88
11.7
9.63
12.06
11.64
7.7
8.87
14.27
7.18
6.96
11.71
9.58
9.37
9.08
11.8
7.51
9.4
9.23
10.01
9.55
11.27
25.0
14.29
10.02
7.13
11.32
10.99
11.63
11.12
8.6
7.53
8.02
10.65
12.53
8.54
11.55
10.12
9.42
7.52
10.48
13.05
9.16
7.17
10.72
8.7
11.3
8.04
10.37
10.26
10.59
10.22
9.56
14.63
7.34
10.59
8.32
11.64
8.91
9.51
8.68
11.48
6.27
9.85
10.23
12.96
8.64
8.23
7.07
9.68
10.09
11.04
10.89
8.16
21.5
11.03
10.72
8.12
6.97
12.06
-3.0
7.79
11.63
10.81
9.7
10.5
13.26
12.29
8.8
11.31
9.05
12.17
12.11
10.43
10.52
10.66
11.53
10.75
9.03
10.46
9.04
8.38
10.6
6.1
12.11
7.88
13.1
11.93
8.37
6.08
9.53
7.14
8.45
9.47
8.31
11.3
12.93
3.52
10.35
11.01
13.73
7.88
9.06
8.94
10.14
10.13
12.27
10.12
11.14
11.36
10.68
7.48
6.02
11.37
9.86
11.09
10.55
15.44
11.95
11.18
9.01
9.53
11.56
10.69
12.01
10.31
9.22
7.62
10.14
11.17
9.93
10.95
8.61
10.83
9.97
11.57
12.32
8.57
10.4
11.25
8.18
8.82
6.9
10.52
9.12
10.71
8.49
11.03
11.86
8.29
8.65
9.33
11.83
8.8
9.07
13.77
8.58
11.58
10.45
10.71
12.18
10.2
9.49
8.69
11.94
11.43
10.39
17.71
7.36
6.17
7.24
9.03
9.53
9.0
10.43
10.03
10.95
8.57
7.84
11.7
7.95
8.15
11.73
7.5
10.18
7.04
11.5
8.8
9.62
8.22
8.96
7.2
8.56
8.4
10.19
7.71
8.18
11.84
11.03
10.66
10.72
6.79
9.95
10.16
13.13
5.95
9.55
10.69
9.34
14.24
11.52
12.33
9.85
12.71
13.17
9.53
13.08
12.88
8.71
10.59
9.77
14.38
12.91
9.06
8.75
7.66
4.76
13.53
9.07
9.93
11.22
10.95
7.61
6.77
10.96
7.6
9.72
9.77
12.81
10.63
13.79
10.17
11.03
13.7
8.99
10.81
11.91
9.4
9.23
8.05
9.38
7.15
8.88
9.85
9.36
9.11
7.97
8.41
6.16
10.77
11.65
7.56
7.86
6.47
13.16
9.31
11.65
7.54
10.56
10.34
10.14
10.92
8.36
14.93
10.37
6.55
12.61
10.35
10.42
10.52
8.43
